2492323.384423 1120311.039534 243.023908
2493323.384423 1120546.324075056 243.023908
2491323.384423 1120075.754992944 243.023908
2494323.384423 1120781.608616112 243.023908
2490323.384423 1119840.470451888 243.023908
2492403.501949 1120220.9539110002 373.823421
2493403.501949 1120456.2384520562 373.823421
2491403.501949 1119985.6693699441 373.823421
2494403.501949 1120691.5229931122 373.823421
2490403.501949 1119750.384828888 373.823421
2492481.203368 1120116.901577 523.4399990000001
2493481.203368 1120352.186118056 523.4399990000001
2491481.203368 1119881.617035944 523.4399990000001
2494481.203368 1120587.470659112 523.4399990000001
2490481.203368 1119646.332494888 523.4399990000001
2492503.351041 1120087.2429540001 567.430116
2493503.351041 1120322.5274950562 567.430116
2491503.351041 1119851.958412944 567.430116
2494503.351041 1120557.8120361122 567.430116
2490503.351041 1119616.673871888 567.430116
